Cycle: 1062068,     Time: 1.000001e+00s,     Time Increment: 1.563519e-06s,     Progress: 100%,     Estimated Clock Time Remaining: -
Cycle: 1062068,     Time: 1.000001e+00s,     Time Increment: 1.563519e-06s,     Progress: 100%,     Estimated Clock Time Remaining: -1s
